2	1	0.500000
3	1	0.500000
3	2	1.000000
4	1	0.500000
4	2	1.000000
4	3	1.000000
5	2	0.500000
5	3	0.500000
5	4	0.500000
6	1	0.500000
6	2	1.000000
6	3	1.000000
6	4	1.000000
6	5	0.500000
7	2	0.500000
7	3	0.500000
7	4	0.500000
7	5	1.000000
7	6	0.500000
8	1	0.500000
8	2	1.000000
8	3	1.000000
8	4	1.000000
8	5	0.500000
8	6	1.000000
8	7	0.500000
9	1	1.000000
9	2	1.500000
9	3	1.500000
9	4	1.500000
9	5	1.000000
9	6	1.500000
9	7	1.000000
9	8	1.500000
10	1	0.500000
10	2	1.000000
10	3	1.000000
10	4	1.000000
10	5	0.500000
10	6	1.000000
10	7	0.500000
10	8	1.000000
10	9	1.500000
11	1	1.000000
11	2	0.500000
11	3	0.500000
11	4	0.500000
11	6	0.500000
11	8	0.500000
11	9	1.000000
11	10	0.500000
12	2	0.500000
12	3	0.500000
12	4	0.500000
12	5	1.000000
12	6	0.500000
12	7	1.000000
12	8	0.500000
12	9	1.000000
12	10	0.500000
13	1	0.500000
13	2	1.000000
13	3	1.000000
13	4	1.000000
13	5	0.500000
13	6	1.000000
13	7	0.500000
13	8	1.000000
13	9	1.500000
13	10	1.000000
13	11	0.500000
13	12	0.500000
14	1	0.500000
14	2	1.000000
14	3	1.000000
14	4	1.000000
14	5	0.500000
14	6	1.000000
14	7	0.500000
14	8	1.000000
14	9	1.500000
14	10	1.000000
14	11	0.500000
14	12	0.500000
14	13	1.000000
15	5	1.000000
15	13	1.500000
16	1	1.000000
16	2	0.500000
16	3	0.500000
16	4	0.500000
16	6	0.500000
16	8	0.500000
16	9	1.000000
16	10	0.500000
16	11	1.000000
16	13	0.500000
16	14	0.500000
17	1	1.500000
17	2	1.000000
17	3	1.000000
17	4	1.000000
17	5	0.500000
17	6	1.000000
17	7	0.500000
17	8	1.000000
17	9	1.500000
17	10	1.000000
17	11	1.500000
17	12	0.500000
17	13	1.000000
17	14	1.000000
17	16	1.500000
18	1	1.000000
18	2	0.500000
18	3	0.500000
18	4	0.500000
18	6	0.500000
18	8	0.500000
18	9	1.000000
18	10	0.500000
18	11	1.000000
18	13	0.500000
18	14	0.500000
18	16	1.000000
18	17	1.500000
19	1	1.000000
19	2	0.500000
19	3	0.500000
19	4	0.500000
19	5	1.500000
19	6	1.000000
19	7	1.500000
19	8	0.500000
19	9	1.000000
19	10	1.000000
19	11	1.000000
19	12	1.500000
19	13	0.500000
19	14	0.500000
19	16	1.000000
19	17	1.500000
19	18	1.000000
20	1	0.500000
20	2	1.000000
20	3	1.000000
20	4	1.000000
20	5	0.500000
20	6	1.000000
20	7	0.500000
20	8	1.000000
20	9	1.500000
20	10	1.000000
20	11	0.500000
20	12	0.500000
20	13	1.000000
20	14	1.000000
20	16	0.500000
20	17	1.000000
20	18	0.500000
20	19	0.500000
21	1	0.500000
21	2	1.000000
21	3	1.000000
21	4	1.000000
21	5	0.500000
21	6	1.000000
21	7	0.500000
21	8	1.000000
21	9	1.500000
21	10	1.000000
21	11	0.500000
21	12	0.500000
21	13	1.000000
21	14	1.000000
21	16	0.500000
21	17	1.000000
21	18	0.500000
21	19	0.500000
21	20	1.000000
22	1	0.500000
22	2	1.000000
22	3	1.000000
22	4	1.000000
22	5	0.500000
22	6	1.000000
22	7	0.500000
22	8	1.000000
22	9	1.500000
22	10	1.000000
22	11	0.500000
22	12	0.500000
22	13	1.000000
22	14	1.000000
22	16	0.500000
22	17	1.000000
22	18	0.500000
22	19	1.000000
22	20	1.000000
22	21	1.000000
25	24	1.000000
26	24	0.500000
27	24	0.500000
28	24	1.000000
28	25	0.500000
28	26	0.500000
28	27	1.500000
29	24	0.500000
29	25	1.000000
29	28	0.500000
30	24	0.500000
30	25	1.500000
30	28	1.000000
30	29	1.500000
31	24	1.000000
31	25	0.500000
31	26	0.500000
31	27	0.500000
31	28	1.000000
31	29	0.500000
31	30	1.000000
33	24	1.000000
33	26	0.500000
33	27	0.500000
33	28	1.000000
33	29	0.500000
33	30	0.500000
33	31	1.000000
34	25	1.000000
34	27	0.500000
34	28	1.000000
34	29	1.000000
34	30	1.500000
34	31	0.500000
35	24	1.000000
35	26	0.500000
35	27	0.500000
35	28	1.000000
35	29	0.500000
35	30	0.500000
35	31	1.000000
35	33	1.000000
36	24	1.500000
36	26	1.000000
36	27	1.000000
36	28	1.500000
36	29	1.000000
36	30	1.000000
36	31	1.500000
36	33	1.500000
36	34	0.500000
36	35	1.500000
37	23	0.500000
38	23	1.500000
38	37	1.000000
39	26	1.000000
39	35	0.500000
41	40	1.500000
43	42	1.000000
44	42	1.000000
44	43	1.000000
45	42	1.000000
45	43	1.000000
45	44	1.000000
46	45	0.500000
47	42	1.000000
47	43	1.000000
47	44	1.000000
47	45	1.000000
48	42	1.000000
48	43	1.000000
48	44	1.000000
48	45	1.000000
48	47	1.000000
49	42	1.500000
49	43	1.500000
49	44	1.500000
49	45	1.500000
49	47	1.500000
49	48	1.500000
50	42	1.000000
50	43	1.000000
50	44	1.000000
50	45	1.000000
50	46	1.500000
50	47	1.000000
50	48	1.000000
50	49	1.500000
51	42	1.000000
51	43	1.000000
51	44	1.000000
51	45	1.000000
51	47	1.000000
51	48	1.000000
51	49	1.500000
51	50	1.000000
52	46	0.500000
53	40	0.500000
53	41	0.500000
53	42	1.000000
54	46	0.500000
54	52	1.000000
55	46	0.500000
55	52	1.000000
55	54	1.000000
56	42	1.000000
56	43	1.000000
56	44	1.000000
56	45	1.000000
56	47	1.000000
56	48	1.000000
56	49	1.500000
56	50	1.000000
56	51	1.000000
57	42	1.000000
57	43	1.000000
57	44	1.000000
57	45	1.000000
57	47	1.000000
57	48	1.000000
57	49	1.500000
57	50	1.000000
57	51	1.000000
57	52	0.500000
57	54	0.500000
57	55	0.500000
57	56	1.000000
58	32	1.500000
58	40	0.500000
58	41	1.000000
58	53	1.000000
59	46	0.500000
59	52	1.000000
59	54	1.000000
59	55	1.000000
59	57	0.500000
60	46	0.500000
60	51	1.000000
60	52	1.000000
60	54	1.000000
60	55	1.000000
60	57	0.500000
60	59	1.000000
61	40	1.000000
61	41	1.500000
61	58	0.500000
62	42	1.000000
62	43	1.000000
62	44	1.000000
62	45	1.000000
62	47	1.000000
62	48	1.000000
62	49	1.500000
62	50	1.000000
62	51	1.000000
62	52	0.500000
62	54	0.500000
62	55	0.500000
62	56	1.000000
62	57	1.000000
62	59	0.500000
62	60	0.500000
63	40	0.500000
63	41	1.000000
63	53	1.000000
63	58	1.000000
63	61	1.000000
64	46	0.500000
64	52	1.000000
64	54	1.000000
64	55	1.000000
64	57	0.500000
64	59	1.000000
64	60	1.000000
64	62	0.500000
65	40	1.000000
65	41	1.500000
65	58	0.500000
65	61	1.000000
65	63	0.500000
66	46	0.500000
66	52	1.000000
66	54	1.000000
66	55	1.000000
66	57	0.500000
66	59	1.000000
66	60	1.000000
66	62	0.500000
66	64	1.000000
67	32	0.500000
67	40	1.000000
67	41	1.500000
67	53	1.500000
67	58	1.500000
67	61	1.000000
67	63	1.500000
67	65	1.000000
68	46	0.500000
68	52	1.000000
68	54	1.000000
68	55	1.000000
68	57	0.500000
68	59	1.000000
68	60	1.000000
68	62	0.500000
68	64	1.000000
68	66	1.000000
69	46	0.500000
69	52	1.000000
69	54	1.000000
69	55	1.000000
69	57	0.500000
69	59	1.000000
69	60	1.000000
69	62	0.500000
69	64	1.000000
69	66	1.000000
69	68	1.000000
70	46	0.500000
70	52	1.000000
70	54	1.000000
70	55	1.000000
70	57	0.500000
70	59	1.000000
70	60	1.000000
70	62	0.500000
70	64	1.000000
70	66	1.000000
70	68	1.000000
70	69	1.000000
71	46	0.500000
71	52	1.000000
71	54	1.000000
71	55	1.000000
71	57	0.500000
71	59	1.000000
71	60	1.000000
71	62	0.500000
71	64	1.000000
71	66	1.000000
71	68	1.000000
71	69	1.000000
71	70	1.000000
72	42	1.000000
72	43	1.000000
72	44	1.000000
72	45	1.000000
72	47	1.000000
72	48	1.000000
72	49	1.500000
72	50	1.000000
72	51	1.000000
72	56	1.000000
72	57	1.000000
72	62	1.000000
73	42	1.000000
73	43	1.000000
73	44	1.000000
73	45	1.000000
73	47	1.000000
73	48	1.000000
73	49	1.500000
73	50	1.000000
73	51	1.000000
73	52	0.500000
73	54	0.500000
73	55	0.500000
73	56	1.000000
73	57	1.000000
73	59	0.500000
73	60	0.500000
73	62	1.000000
73	64	0.500000
73	66	1.000000
73	68	0.500000
73	69	1.000000
73	70	0.500000
73	71	0.500000
73	72	1.000000
74	46	1.000000
74	52	1.500000
74	54	1.500000
74	55	1.500000
74	57	1.000000
74	59	1.500000
74	60	1.500000
74	62	1.000000
74	64	1.500000
74	66	1.500000
74	68	1.500000
74	69	1.500000
74	70	1.500000
74	71	1.500000
74	73	1.000000
75	46	0.500000
75	52	1.000000
75	54	1.000000
75	55	1.000000
75	57	0.500000
75	59	1.000000
75	60	1.000000
75	62	0.500000
75	64	1.000000
75	66	1.000000
75	68	1.000000
75	69	1.000000
75	70	1.000000
75	71	1.000000
75	73	0.500000
75	74	1.500000
76	42	0.500000
76	43	0.500000
76	44	0.500000
76	45	0.500000
76	46	0.500000
76	47	0.500000
76	48	0.500000
76	49	1.000000
76	50	0.500000
76	51	0.500000
76	52	1.000000
76	54	1.000000
76	55	1.000000
76	56	0.500000
76	57	0.500000
76	59	1.000000
76	60	1.000000
76	62	0.500000
76	64	1.000000
76	66	1.000000
76	68	1.000000
76	69	1.000000
76	70	1.000000
76	71	1.000000
76	72	0.500000
76	73	0.500000
76	74	1.500000
76	75	1.000000
77	65	1.000000
78	65	1.500000
78	77	0.500000
79	40	0.500000
79	41	1.000000
79	61	0.500000
79	65	0.500000
79	67	0.500000
79	77	1.000000
79	78	0.500000
80	40	1.000000
80	41	1.500000
80	58	0.500000
80	61	1.000000
80	63	0.500000
80	65	1.000000
80	67	1.000000
80	78	0.500000
80	79	0.500000
81	40	1.000000
81	41	1.500000
81	58	0.500000
81	61	1.000000
81	63	0.500000
81	65	1.000000
81	67	1.000000
81	79	0.500000
81	80	1.000000
82	40	1.500000
82	41	1.000000
82	42	1.000000
82	49	0.500000
82	81	0.500000
83	40	1.000000
83	41	1.500000
83	58	0.500000
83	61	1.000000
83	63	0.500000
83	65	1.000000
83	67	1.000000
83	79	0.500000
83	80	1.000000
83	81	1.000000
83	82	0.500000
84	40	1.000000
84	41	1.500000
84	42	1.000000
84	49	0.500000
84	58	0.500000
84	61	1.000000
84	63	0.500000
84	65	1.000000
84	67	1.000000
84	79	0.500000
84	80	1.000000
84	81	1.000000
84	83	1.000000
85	40	1.500000
85	41	1.000000
85	61	0.500000
85	65	0.500000
85	67	0.500000
85	80	0.500000
85	81	0.500000
85	82	1.000000
85	83	0.500000
85	84	0.500000
86	42	1.500000
86	43	0.500000
86	44	0.500000
86	45	0.500000
86	47	0.500000
86	48	0.500000
86	49	1.000000
86	50	0.500000
86	51	0.500000
86	56	0.500000
86	57	0.500000
86	62	0.500000
86	72	0.500000
86	73	0.500000
86	82	0.500000
86	84	0.500000
87	40	1.000000
87	41	1.500000
87	58	0.500000
87	61	1.000000
87	63	0.500000
87	65	1.000000
87	67	1.000000
87	78	0.500000
87	79	0.500000
87	80	1.000000
87	81	1.000000
87	83	1.000000
87	84	1.000000
87	85	0.500000
88	40	1.000000
88	41	1.500000
88	58	0.500000
88	61	1.000000
88	63	0.500000
88	65	1.000000
88	67	1.000000
88	77	0.500000
88	79	0.500000
88	80	1.000000
88	81	1.000000
88	83	1.000000
88	84	1.000000
88	85	0.500000
88	87	1.000000
89	40	1.500000
89	41	1.000000
89	61	0.500000
89	65	0.500000
89	67	0.500000
89	80	0.500000
89	81	0.500000
89	82	1.000000
89	83	0.500000
89	84	0.500000
89	85	1.000000
89	87	0.500000
89	88	0.500000
90	40	1.000000
90	41	1.500000
90	58	0.500000
90	61	1.000000
90	63	0.500000
90	65	1.000000
90	67	1.000000
90	79	0.500000
90	80	1.000000
90	81	1.000000
90	82	0.500000
90	83	1.000000
90	84	1.000000
90	85	0.500000
90	87	1.000000
90	88	1.000000
90	89	0.500000
91	40	1.000000
91	41	0.500000
91	42	1.500000
91	43	0.500000
91	44	0.500000
91	47	0.500000
91	48	0.500000
91	49	1.000000
91	82	0.500000
91	84	0.500000
91	85	0.500000
91	86	1.000000
91	89	0.500000
92	40	0.500000
92	41	1.000000
92	61	0.500000
92	65	1.500000
92	67	0.500000
92	77	0.500000
92	78	1.000000
92	80	0.500000
92	81	0.500000
92	83	0.500000
92	84	0.500000
92	87	0.500000
92	88	0.500000
92	90	0.500000
93	40	1.000000
93	41	1.500000
93	58	0.500000
93	61	1.000000
93	63	0.500000
93	65	1.000000
93	67	1.000000
93	77	0.500000
93	79	0.500000
93	80	1.000000
93	81	1.000000
93	83	1.000000
93	84	1.000000
93	85	0.500000
93	87	1.000000
93	88	1.000000
93	89	0.500000
93	90	1.000000
93	92	0.500000
94	40	1.000000
94	41	1.500000
94	58	0.500000
94	61	1.000000
94	63	0.500000
94	65	1.000000
94	67	1.000000
94	78	0.500000
94	79	0.500000
94	80	1.000000
94	81	1.000000
94	83	1.000000
94	84	1.000000
94	85	0.500000
94	87	1.000000
94	88	1.000000
94	89	0.500000
94	90	1.000000
94	92	0.500000
94	93	1.000000
95	40	1.000000
95	41	1.500000
95	58	0.500000
95	61	1.000000
95	63	0.500000
95	65	1.000000
95	67	1.000000
95	78	0.500000
95	79	0.500000
95	80	1.000000
95	81	1.000000
95	83	1.000000
95	84	1.000000
95	85	0.500000
95	87	1.000000
95	88	1.000000
95	89	0.500000
95	90	1.000000
95	92	0.500000
95	93	1.000000
95	94	1.000000
96	40	1.500000
96	41	1.000000
96	61	0.500000
96	65	0.500000
96	67	0.500000
96	80	0.500000
96	81	0.500000
96	82	1.000000
96	83	0.500000
96	84	0.500000
96	85	1.000000
96	87	0.500000
96	88	0.500000
96	89	1.000000
96	90	0.500000
96	91	0.500000
96	93	0.500000
96	94	0.500000
96	95	0.500000
97	40	1.000000
97	41	1.500000
97	58	0.500000
97	61	1.000000
97	63	0.500000
97	65	1.000000
97	67	1.000000
97	79	0.500000
97	80	1.000000
97	81	1.000000
97	82	0.500000
97	83	1.000000
97	84	1.000000
97	85	0.500000
97	87	1.000000
97	88	1.000000
97	89	0.500000
97	90	1.000000
97	92	0.500000
97	93	1.000000
97	94	1.000000
97	95	1.000000
97	96	0.500000
98	40	1.000000
98	41	1.500000
98	58	0.500000
98	61	1.000000
98	63	0.500000
98	65	1.000000
98	67	1.000000
98	77	0.500000
98	79	0.500000
98	80	1.000000
98	81	1.000000
98	83	1.000000
98	84	1.000000
98	85	0.500000
98	87	1.000000
98	88	1.000000
98	89	0.500000
98	90	1.000000
98	92	0.500000
98	93	1.000000
98	94	1.000000
98	95	1.000000
98	96	0.500000
98	97	1.000000
99	42	1.500000
99	43	0.500000
99	44	0.500000
99	45	0.500000
99	47	0.500000
99	48	0.500000
99	49	1.000000
99	50	0.500000
99	51	0.500000
99	56	0.500000
99	57	0.500000
99	62	0.500000
99	72	0.500000
99	73	0.500000
99	82	0.500000
99	84	0.500000
99	86	1.000000
99	91	1.000000
100	40	1.000000
100	41	1.500000
100	58	0.500000
100	61	1.000000
100	63	0.500000
100	65	1.000000
100	67	1.000000
100	77	0.500000
100	79	0.500000
100	80	1.000000
100	81	1.000000
100	83	1.000000
100	84	1.000000
100	85	0.500000
100	87	1.000000
100	88	1.000000
100	89	0.500000
100	90	1.000000
100	92	0.500000
100	93	1.000000
100	94	1.000000
100	95	1.000000
100	96	0.500000
100	97	1.000000
100	98	1.000000
101	65	1.500000
101	77	0.500000
101	78	1.000000
101	79	0.500000
101	80	0.500000
101	87	0.500000
101	92	1.000000
101	94	0.500000
101	95	0.500000
102	40	0.500000
102	41	1.000000
102	61	0.500000
102	65	1.500000
102	67	0.500000
102	77	0.500000
102	78	1.000000
102	80	0.500000
102	81	0.500000
102	83	0.500000
102	84	0.500000
102	87	0.500000
102	88	0.500000
102	90	0.500000
102	92	1.000000
102	93	0.500000
102	94	0.500000
102	95	0.500000
102	97	0.500000
102	98	0.500000
102	100	0.500000
102	101	1.000000
103	40	1.000000
103	41	1.500000
103	58	0.500000
103	61	1.000000
103	63	0.500000
103	65	1.000000
103	67	1.000000
103	77	0.500000
103	79	0.500000
103	80	1.000000
103	81	1.000000
103	83	1.000000
103	84	1.000000
103	85	0.500000
103	87	1.000000
103	88	1.000000
103	89	0.500000
103	90	1.000000
103	92	0.500000
103	93	1.000000
103	94	1.000000
103	95	1.000000
103	96	0.500000
103	97	1.000000
103	98	1.000000
103	100	1.000000
103	102	0.500000
104	40	1.000000
104	41	1.500000
104	58	0.500000
104	61	1.000000
104	63	0.500000
104	65	1.000000
104	67	1.000000
104	79	0.500000
104	80	1.000000
104	81	1.000000
104	82	0.500000
104	83	1.000000
104	84	1.000000
104	85	0.500000
104	87	1.000000
104	88	1.000000
104	89	0.500000
104	90	1.000000
104	92	0.500000
104	93	1.000000
104	94	1.000000
104	95	1.000000
104	96	0.500000
104	97	1.000000
104	98	1.000000
104	100	1.000000
104	102	0.500000
104	103	1.000000
105	40	1.000000
105	41	1.500000
105	58	0.500000
105	61	1.000000
105	63	0.500000
105	65	1.000000
105	67	1.000000
105	77	0.500000
105	79	0.500000
105	80	1.000000
105	81	1.000000
105	83	1.000000
105	84	1.000000
105	85	0.500000
105	87	1.000000
105	88	1.000000
105	89	0.500000
105	90	1.000000
105	92	0.500000
105	93	1.000000
105	94	1.000000
105	95	1.000000
105	96	0.500000
105	97	1.000000
105	98	1.000000
105	100	1.000000
105	102	0.500000
105	103	1.000000
105	104	1.000000
106	40	1.000000
106	41	1.500000
106	58	0.500000
106	61	1.000000
106	63	0.500000
106	65	1.000000
106	67	1.000000
106	79	0.500000
106	80	1.000000
106	81	1.000000
106	82	0.500000
106	83	1.000000
106	84	1.000000
106	85	0.500000
106	87	1.000000
106	88	1.000000
106	89	0.500000
106	90	1.000000
106	92	0.500000
106	93	1.000000
106	94	1.000000
106	95	1.000000
106	96	0.500000
106	97	1.000000
106	98	1.000000
106	100	1.000000
106	102	0.500000
106	103	1.000000
106	104	1.000000
106	105	1.000000
107	40	1.000000
107	41	1.500000
107	58	0.500000
107	61	1.000000
107	63	0.500000
107	65	1.000000
107	67	1.000000
107	77	0.500000
107	79	0.500000
107	80	1.000000
107	81	1.000000
107	83	1.000000
107	84	1.000000
107	85	0.500000
107	87	1.000000
107	88	1.000000
107	89	0.500000
107	90	1.000000
107	92	0.500000
107	93	1.000000
107	94	1.000000
107	95	1.000000
107	96	0.500000
107	97	1.000000
107	98	1.000000
107	100	1.000000
107	102	0.500000
107	103	1.000000
107	104	1.000000
107	105	1.000000
107	106	1.000000
108	40	1.000000
108	41	1.500000
108	58	0.500000
108	61	1.000000
108	63	0.500000
108	65	1.000000
108	67	1.000000
108	79	0.500000
108	80	1.000000
108	81	1.000000
108	82	0.500000
108	83	1.000000
108	84	1.000000
108	85	0.500000
108	87	1.000000
108	88	1.000000
108	89	0.500000
108	90	1.000000
108	92	0.500000
108	93	1.000000
108	94	1.000000
108	95	1.000000
108	96	0.500000
108	97	1.000000
108	98	1.000000
108	100	1.000000
108	102	0.500000
108	103	1.000000
108	104	1.000000
108	105	1.000000
108	106	1.000000
108	107	1.000000
109	40	1.000000
109	41	1.500000
109	58	0.500000
109	61	1.000000
109	63	0.500000
109	65	1.000000
109	67	1.000000
109	79	0.500000
109	80	1.000000
109	81	1.000000
109	83	1.000000
109	84	1.000000
109	85	0.500000
109	87	1.000000
109	88	1.000000
109	89	0.500000
109	90	1.000000
109	92	0.500000
109	93	1.000000
109	94	1.000000
109	95	1.000000
109	96	0.500000
109	97	1.000000
109	98	1.000000
109	100	1.000000
109	102	0.500000
109	103	1.000000
109	104	1.000000
109	105	1.000000
109	106	1.000000
109	107	1.000000
109	108	1.000000
110	42	1.000000
110	43	1.000000
110	44	1.000000
110	45	1.000000
110	47	1.000000
110	48	1.000000
110	49	1.500000
110	50	1.000000
110	51	1.000000
110	56	1.000000
110	57	1.000000
110	62	1.000000
110	72	1.000000
110	73	1.000000
110	76	0.500000
110	86	0.500000
110	91	0.500000
110	99	0.500000
111	42	1.500000
111	43	0.500000
111	44	0.500000
111	45	0.500000
111	47	0.500000
111	48	0.500000
111	49	1.000000
111	50	0.500000
111	51	0.500000
111	56	0.500000
111	57	0.500000
111	62	0.500000
111	72	0.500000
111	73	0.500000
111	82	0.500000
111	84	0.500000
111	86	1.000000
111	91	1.000000
111	99	1.000000
111	110	0.500000
112	40	1.000000
112	41	1.500000
112	58	0.500000
112	61	1.000000
112	63	0.500000
112	65	1.000000
112	67	1.000000
112	79	0.500000
112	80	1.000000
112	81	1.000000
112	82	0.500000
112	83	1.000000
112	84	1.000000
112	85	0.500000
112	87	1.000000
112	88	1.000000
112	89	0.500000
112	90	1.000000
112	92	0.500000
112	93	1.000000
112	94	1.000000
112	95	1.000000
112	96	0.500000
112	97	1.000000
112	98	1.000000
112	100	1.000000
112	102	0.500000
112	103	1.000000
112	104	1.000000
112	105	1.000000
112	106	1.000000
112	107	1.000000
112	108	1.000000
112	109	1.000000
113	42	1.000000
113	43	1.000000
113	44	1.000000
113	45	1.000000
113	47	1.000000
113	48	1.000000
113	49	1.500000
113	50	1.000000
113	51	1.000000
113	56	1.000000
113	57	1.000000
113	62	1.000000
113	72	1.000000
113	73	1.000000
113	76	0.500000
113	86	0.500000
113	91	0.500000
113	99	0.500000
113	110	1.000000
113	111	0.500000
115	114	0.500000
116	42	0.500000
116	43	0.500000
116	44	0.500000
116	45	0.500000
116	47	0.500000
116	48	0.500000
116	49	1.000000
116	50	0.500000
116	51	0.500000
116	56	0.500000
116	57	0.500000
116	62	0.500000
116	72	0.500000
116	73	0.500000
116	110	0.500000
116	113	0.500000
116	114	1.500000
116	115	1.500000
117	26	0.500000
117	39	0.500000
117	42	1.000000
117	43	1.000000
117	44	1.000000
117	45	1.000000
117	47	1.000000
117	48	1.000000
117	49	1.500000
117	50	1.000000
117	51	1.000000
117	56	1.000000
117	57	1.000000
117	62	1.000000
117	72	1.000000
117	73	1.000000
117	76	0.500000
117	86	0.500000
117	99	0.500000
117	110	1.000000
117	111	0.500000
117	113	1.000000
117	116	0.500000
118	40	1.000000
118	41	1.500000
118	58	0.500000
118	61	1.000000
118	63	0.500000
118	65	1.000000
118	67	1.000000
118	79	0.500000
118	80	1.000000
118	81	1.000000
118	82	0.500000
118	83	1.000000
118	84	1.000000
118	85	0.500000
118	87	1.000000
118	88	1.000000
118	89	0.500000
118	90	1.000000
118	92	0.500000
118	93	1.000000
118	94	1.000000
118	95	1.000000
118	96	0.500000
118	97	1.000000
118	98	1.000000
118	100	1.000000
118	102	0.500000
118	103	1.000000
118	104	1.000000
118	105	1.000000
118	106	1.000000
118	107	1.000000
118	108	1.000000
118	109	1.000000
118	112	1.000000
118	114	1.500000
118	115	1.000000
119	40	1.000000
119	41	0.500000
119	42	1.500000
119	43	0.500000
119	44	0.500000
119	47	0.500000
119	48	0.500000
119	49	1.000000
119	82	0.500000
119	84	0.500000
119	85	0.500000
119	86	1.000000
119	89	0.500000
119	91	1.000000
119	96	0.500000
119	99	1.000000
119	110	0.500000
119	111	1.000000
119	113	0.500000
120	40	1.000000
120	41	1.500000
120	58	0.500000
120	61	1.000000
120	63	0.500000
120	65	1.000000
120	67	1.000000
120	79	0.500000
120	80	1.000000
120	81	1.000000
120	82	0.500000
120	83	1.000000
120	84	1.000000
120	85	0.500000
120	87	1.000000
120	88	1.000000
120	89	0.500000
120	90	1.000000
120	92	0.500000
120	93	1.000000
120	94	1.000000
120	95	1.000000
120	96	0.500000
120	97	1.000000
120	98	1.000000
120	100	1.000000
120	102	0.500000
120	103	1.000000
120	104	1.000000
120	105	1.000000
120	106	1.000000
120	107	1.000000
120	108	1.000000
120	109	1.000000
120	112	1.000000
120	118	1.000000
121	42	1.000000
121	43	1.000000
121	44	1.000000
121	45	1.000000
121	47	1.000000
121	48	1.000000
121	49	1.500000
121	50	1.000000
121	51	1.000000
121	56	1.000000
121	57	1.000000
121	62	1.000000
121	72	1.000000
121	73	1.000000
121	76	0.500000
121	86	0.500000
121	91	0.500000
121	99	0.500000
121	110	1.000000
121	111	0.500000
121	113	1.000000
121	116	0.500000
121	117	1.000000
121	119	0.500000
122	40	0.500000
122	41	1.000000
122	61	0.500000
122	65	0.500000
122	67	0.500000
122	80	0.500000
122	81	0.500000
122	83	0.500000
122	84	0.500000
122	87	0.500000
122	88	0.500000
122	90	0.500000
122	93	0.500000
122	94	0.500000
122	95	0.500000
122	97	0.500000
122	98	0.500000
122	100	0.500000
122	103	0.500000
122	104	0.500000
122	105	0.500000
122	106	0.500000
122	107	1.500000
122	108	0.500000
122	109	0.500000
122	112	0.500000
122	118	0.500000
122	120	0.500000
123	107	1.000000
123	114	1.000000
123	115	0.500000
123	118	1.500000
123	122	0.500000
124	40	1.000000
124	41	1.500000
124	58	0.500000
124	61	1.000000
124	63	0.500000
124	65	1.000000
124	67	1.000000
124	79	0.500000
124	80	1.000000
124	81	1.000000
124	83	1.000000
124	84	1.000000
124	85	0.500000
124	87	1.000000
124	88	1.000000
124	89	0.500000
124	90	1.000000
124	92	0.500000
124	93	1.000000
124	94	1.000000
124	95	1.000000
124	96	0.500000
124	97	1.000000
124	98	1.000000
124	100	1.000000
124	102	0.500000
124	103	1.000000
124	104	1.000000
124	105	1.000000
124	106	1.000000
124	107	1.000000
124	108	1.000000
124	109	1.000000
124	112	1.000000
124	118	1.000000
124	120	1.000000
124	122	0.500000
125	114	1.000000
125	115	0.500000
125	116	0.500000
125	118	1.500000
125	123	1.000000
126	32	0.500000
126	40	0.500000
126	41	0.500000
126	53	1.000000
126	58	1.000000
126	63	1.000000
126	67	1.500000
127	77	0.500000
127	79	0.500000
128	65	0.500000
128	77	1.000000
128	78	0.500000
128	79	1.000000
128	88	0.500000
128	93	0.500000
128	98	0.500000
128	100	0.500000
128	101	0.500000
128	103	0.500000
128	105	0.500000
128	107	0.500000
128	127	0.500000
130	37	0.500000
130	38	0.500000
130	129	1.000000
131	127	1.000000
131	128	0.500000
132	37	1.000000
132	38	1.000000
132	129	0.500000
132	130	0.500000
133	129	1.000000
133	130	1.000000
133	132	0.500000
134	77	0.500000
134	79	0.500000
134	127	1.000000
134	128	0.500000
134	131	1.000000
135	37	0.500000
135	38	0.500000
135	129	1.000000
135	130	1.000000
135	132	0.500000
135	133	1.000000
137	136	1.000000
138	136	1.000000
138	137	1.000000
139	127	1.000000
139	128	0.500000
139	131	1.000000
139	134	1.000000
140	137	1.000000
140	139	0.500000
141	137	0.500000
141	139	1.000000
141	140	1.500000
142	136	1.000000
142	137	1.000000
142	138	1.000000
142	140	1.000000
142	141	1.000000
143	136	1.500000
143	137	1.500000
143	138	1.500000
143	142	1.500000
144	136	1.000000
144	137	1.000000
144	138	1.000000
144	140	1.000000
144	141	0.500000
144	142	1.000000
144	143	1.500000
145	37	1.500000
145	38	1.500000
145	129	1.000000
145	130	1.000000
145	132	1.500000
145	133	1.000000
145	135	1.000000
146	136	1.000000
146	137	1.000000
146	138	1.000000
146	142	1.000000
146	143	1.500000
146	144	1.000000
147	37	1.000000
147	38	1.000000
147	130	0.500000
147	132	1.000000
147	135	0.500000
147	145	1.500000
148	37	0.500000
148	38	0.500000
148	129	0.500000
148	131	0.500000
148	132	0.500000
148	133	0.500000
148	145	1.000000
148	147	0.500000
149	77	0.500000
149	79	0.500000
149	127	1.000000
149	128	0.500000
149	131	1.000000
149	134	1.000000
149	139	1.000000
150	37	1.000000
150	38	1.000000
150	129	0.500000
150	130	0.500000
150	132	1.000000
150	133	0.500000
150	135	0.500000
150	145	1.500000
150	147	1.000000
150	148	0.500000
151	37	1.000000
151	38	1.000000
151	129	0.500000
151	130	0.500000
151	132	1.000000
151	133	0.500000
151	135	0.500000
151	145	1.500000
151	147	1.000000
151	148	0.500000
151	150	1.000000
152	37	1.000000
152	38	1.000000
152	130	0.500000
152	132	1.000000
152	135	0.500000
152	145	1.500000
152	147	1.000000
152	148	0.500000
152	150	1.000000
152	151	1.000000
153	127	1.000000
153	128	0.500000
153	131	1.000000
153	134	1.000000
153	139	1.000000
153	148	0.500000
153	149	1.000000
154	77	0.500000
154	79	0.500000
154	127	1.500000
154	128	1.000000
154	131	1.500000
154	134	1.500000
154	139	1.500000
154	149	1.500000
154	153	1.500000
155	129	1.000000
155	130	1.000000
155	132	0.500000
155	133	1.000000
155	135	1.000000
155	145	1.000000
155	148	0.500000
155	150	0.500000
155	151	0.500000
156	129	1.000000
156	130	1.000000
156	132	0.500000
156	133	1.000000
156	135	1.000000
156	145	1.000000
156	150	0.500000
156	151	0.500000
156	155	1.000000
157	37	1.000000
157	38	1.000000
157	129	1.500000
157	130	1.500000
157	132	1.000000
157	133	1.500000
157	135	1.500000
157	145	1.500000
157	147	1.000000
157	148	0.500000
157	150	1.000000
157	151	1.000000
157	152	1.000000
157	155	1.500000
157	156	1.500000
158	127	0.500000
158	129	0.500000
158	131	0.500000
158	133	0.500000
158	134	0.500000
158	139	0.500000
158	148	1.000000
158	149	0.500000
158	153	0.500000
158	154	1.000000
158	155	0.500000
159	129	1.000000
159	130	1.000000
159	132	0.500000
159	133	1.000000
159	135	1.000000
159	145	1.000000
159	148	0.500000
159	150	0.500000
159	151	0.500000
159	155	1.000000
159	156	1.000000
159	157	1.500000
159	158	0.500000
160	65	1.000000
160	78	0.500000
160	92	0.500000
160	101	0.500000
160	102	0.500000
160	127	1.000000
160	128	0.500000
160	131	1.000000
160	134	1.000000
160	139	1.000000
160	149	1.000000
160	153	1.000000
160	154	1.500000
160	158	0.500000
161	129	0.500000
161	130	0.500000
161	131	0.500000
161	133	0.500000
161	135	0.500000
161	145	0.500000
161	148	1.000000
161	153	0.500000
161	155	0.500000
161	156	0.500000
161	157	1.000000
161	158	1.000000
161	159	0.500000
162	127	0.500000
162	129	0.500000
162	131	0.500000
162	133	0.500000
162	134	0.500000
162	139	0.500000
162	148	1.000000
162	149	0.500000
162	153	0.500000
162	154	1.000000
162	155	0.500000
162	158	1.000000
162	159	0.500000
162	160	0.500000
162	161	1.000000
163	37	1.000000
163	38	1.000000
163	130	0.500000
163	132	1.000000
163	135	0.500000
163	145	1.500000
163	147	1.000000
163	148	0.500000
163	150	1.000000
163	151	1.000000
163	152	1.000000
163	157	1.000000
164	127	1.000000
164	128	0.500000
164	129	1.000000
164	131	1.000000
164	133	1.000000
164	134	1.000000
164	139	1.000000
164	148	1.500000
164	149	1.000000
164	153	1.000000
164	154	1.500000
164	155	1.000000
164	158	1.500000
164	159	1.000000
164	160	1.000000
164	161	1.500000
164	162	1.500000
165	127	0.500000
165	129	0.500000
165	131	0.500000
165	133	0.500000
165	134	0.500000
165	139	0.500000
165	148	1.000000
165	149	0.500000
165	153	0.500000
165	154	1.000000
165	155	0.500000
165	158	1.000000
165	159	0.500000
165	160	0.500000
165	161	1.000000
165	162	1.000000
165	164	1.500000
166	127	0.500000
166	129	0.500000
166	131	0.500000
166	133	0.500000
166	134	0.500000
166	139	0.500000
166	148	1.000000
166	149	0.500000
166	153	0.500000
166	154	1.000000
166	155	0.500000
166	158	1.000000
166	159	0.500000
166	160	0.500000
166	161	1.000000
166	162	1.000000
166	164	1.500000
166	165	1.000000
167	37	1.000000
167	38	1.000000
167	130	0.500000
167	132	1.000000
167	135	0.500000
167	145	1.500000
167	147	1.000000
167	148	0.500000
167	150	1.000000
167	151	1.000000
167	152	1.000000
167	157	1.000000
167	163	1.000000
168	37	1.000000
168	38	1.000000
168	130	0.500000
168	132	1.000000
168	135	0.500000
168	145	1.500000
168	147	1.000000
168	148	0.500000
168	150	1.000000
168	151	1.000000
168	152	1.000000
168	157	1.000000
168	163	1.000000
168	167	1.000000
169	37	0.500000
169	38	0.500000
169	132	0.500000
169	145	1.000000
169	147	0.500000
169	150	0.500000
169	151	0.500000
169	152	0.500000
169	157	0.500000
169	163	0.500000
169	167	0.500000
169	168	0.500000
170	37	1.000000
170	38	1.000000
170	130	0.500000
170	132	1.000000
170	135	0.500000
170	145	1.500000
170	147	1.000000
170	148	0.500000
170	150	1.000000
170	151	1.000000
170	152	1.000000
170	157	1.000000
170	163	1.000000
170	167	1.000000
170	168	1.000000
170	169	0.500000
171	136	1.000000
171	137	1.000000
171	138	1.000000
171	142	1.000000
171	143	1.500000
171	144	1.000000
171	146	1.000000
172	37	0.500000
172	38	0.500000
172	132	0.500000
172	145	1.000000
172	147	0.500000
172	150	0.500000
172	151	0.500000
172	152	0.500000
172	157	0.500000
172	163	0.500000
172	167	0.500000
172	168	0.500000
172	169	1.000000
172	170	0.500000
173	168	0.500000
173	169	1.000000
173	170	0.500000
173	172	1.000000
174	37	1.000000
174	38	1.000000
174	129	0.500000
174	130	0.500000
174	132	1.000000
174	133	0.500000
174	135	0.500000
174	145	1.500000
174	147	1.000000
174	148	0.500000
174	150	1.000000
174	151	1.000000
174	152	1.000000
174	155	0.500000
174	156	0.500000
174	157	1.000000
174	159	0.500000
174	163	1.000000
174	167	1.000000
174	168	1.000000
174	169	0.500000
174	170	1.000000
174	172	0.500000
175	37	1.000000
175	38	1.000000
175	130	0.500000
175	132	1.000000
175	135	0.500000
175	145	1.500000
175	147	1.000000
175	148	0.500000
175	150	1.000000
175	151	1.000000
175	152	1.000000
175	157	1.000000
175	163	1.000000
175	167	1.000000
175	168	1.000000
175	169	0.500000
175	170	1.000000
175	172	0.500000
175	173	0.500000
175	174	1.000000
176	37	0.500000
176	38	0.500000
176	132	0.500000
176	145	1.000000
176	147	0.500000
176	150	0.500000
176	151	0.500000
176	152	0.500000
176	157	0.500000
176	163	0.500000
176	167	0.500000
176	168	0.500000
176	169	1.000000
176	170	0.500000
176	172	1.000000
176	173	1.000000
176	174	0.500000
176	175	0.500000
177	77	0.500000
177	79	0.500000
177	127	1.000000
177	128	0.500000
177	131	1.000000
177	134	1.000000
177	139	1.000000
177	149	1.000000
177	153	1.000000
177	154	1.500000
177	158	0.500000
177	160	1.000000
177	162	0.500000
177	164	1.000000
177	165	0.500000
177	166	0.500000
178	137	0.500000
178	140	1.500000
178	141	1.000000
178	142	0.500000
178	144	0.500000
179	136	1.000000
179	137	1.000000
179	138	1.000000
179	142	1.000000
179	143	1.500000
179	144	1.000000
179	146	1.000000
179	168	1.000000
179	169	1.500000
179	170	1.000000
179	171	1.000000
179	172	1.500000
179	173	1.500000
179	175	1.000000
179	176	1.500000
180	139	0.500000
180	140	1.000000
180	141	1.500000
180	148	0.500000
180	158	0.500000
180	161	0.500000
180	162	0.500000
180	164	1.000000
180	165	0.500000
180	166	0.500000
180	178	0.500000
182	181	0.500000
183	181	0.500000
184	183	1.000000
185	183	0.500000
185	184	0.500000
186	181	0.500000
186	183	1.500000
186	184	1.500000
186	185	1.000000
187	181	1.000000
187	182	0.500000
187	183	0.500000
187	186	0.500000
188	181	0.500000
188	182	1.000000
188	187	0.500000
189	181	1.000000
189	182	1.500000
189	183	0.500000
189	186	0.500000
189	187	1.000000
189	188	1.500000
190	181	1.500000
190	182	1.000000
190	183	1.000000
190	186	1.000000
190	187	1.500000
190	188	1.000000
190	189	1.500000
191	181	0.500000
191	182	1.000000
191	187	0.500000
191	188	1.000000
191	189	1.500000
191	190	1.000000
192	181	1.000000
192	182	0.500000
192	183	0.500000
192	186	0.500000
192	187	1.000000
192	188	0.500000
192	189	1.000000
192	190	1.500000
192	191	0.500000
193	181	1.000000
193	182	0.500000
193	183	0.500000
193	186	0.500000
193	187	1.000000
193	188	0.500000
193	189	1.000000
193	190	1.500000
193	191	0.500000
193	192	1.000000
194	181	0.500000
194	182	1.000000
194	187	0.500000
194	188	1.000000
194	189	1.500000
194	190	1.000000
194	191	1.000000
194	192	0.500000
194	193	0.500000
195	183	1.000000
195	184	1.000000
195	185	0.500000
195	186	1.500000
196	183	1.000000
196	184	1.000000
196	185	0.500000
196	186	1.500000
196	195	1.000000
197	183	1.000000
197	184	1.000000
197	185	0.500000
197	186	1.500000
197	195	1.000000
197	196	1.000000
198	183	1.000000
198	184	1.000000
198	185	1.500000
198	186	1.500000
198	195	1.000000
198	196	1.000000
198	197	1.000000
199	183	1.000000
199	184	1.000000
199	185	0.500000
199	186	1.500000
199	195	1.000000
199	196	1.000000
199	197	1.000000
199	198	1.000000
200	183	1.000000
200	184	1.000000
200	185	0.500000
200	186	1.500000
200	195	1.000000
200	196	1.000000
200	197	1.000000
200	198	1.000000
200	199	1.000000
201	183	1.000000
201	184	1.000000
201	185	0.500000
201	186	1.500000
201	195	1.000000
201	196	1.000000
201	197	1.000000
201	198	1.000000
201	199	1.000000
201	200	1.000000
202	185	0.500000
202	196	1.500000
202	198	1.000000
202	199	0.500000
203	183	1.000000
203	186	0.500000
203	196	1.500000
203	199	0.500000
203	202	1.000000
205	204	1.000000
206	204	1.000000
206	205	0.500000
207	204	0.500000
207	205	0.500000
207	206	1.000000
208	204	1.000000
208	205	1.000000
208	206	0.500000
208	207	0.500000
209	26	0.500000
209	33	0.500000
209	39	0.500000
209	173	0.500000
210	204	1.500000
210	205	1.500000
210	206	1.000000
210	207	1.000000
210	208	1.500000
211	26	1.000000
211	33	1.000000
211	35	0.500000
211	39	1.000000
211	117	0.500000
211	173	1.000000
211	209	1.500000
212	26	0.500000
212	33	0.500000
212	39	0.500000
212	173	0.500000
212	209	1.000000
212	211	1.500000
213	26	0.500000
213	33	0.500000
213	39	0.500000
213	173	0.500000
213	209	1.000000
213	211	1.500000
213	212	1.000000
214	204	1.000000
214	205	1.000000
214	206	0.500000
214	207	0.500000
214	208	1.000000
214	210	1.500000
215	204	1.000000
215	205	1.000000
215	206	0.500000
215	207	0.500000
215	208	1.000000
215	210	1.500000
215	214	1.000000
216	214	1.500000
217	204	1.000000
217	205	1.000000
217	206	0.500000
217	207	0.500000
217	208	1.000000
217	210	1.500000
217	214	1.000000
217	215	1.000000
218	204	1.000000
218	205	1.000000
218	206	0.500000
218	207	0.500000
218	208	1.000000
218	210	1.500000
218	214	1.000000
218	215	1.000000
218	217	1.000000
220	219	1.000000
221	219	1.000000
221	220	1.000000
222	26	1.500000
222	33	0.500000
222	35	1.000000
222	39	1.500000
222	117	1.000000
222	173	0.500000
222	209	1.000000
222	211	1.500000
222	212	1.000000
222	213	1.000000
223	219	1.000000
223	220	1.000000
223	221	1.000000
224	219	0.500000
224	220	0.500000
224	221	0.500000
224	223	0.500000
225	219	1.000000
225	220	1.000000
225	221	1.000000
225	223	1.000000
225	224	0.500000
226	219	1.000000
226	220	1.000000
226	221	1.000000
226	223	1.000000
226	224	0.500000
226	225	1.000000
227	219	1.500000
227	220	1.500000
227	221	1.500000
227	223	1.500000
227	224	1.000000
227	225	1.500000
227	226	1.500000
228	219	1.000000
228	220	1.000000
228	221	1.000000
228	223	1.000000
228	224	0.500000
228	225	1.000000
228	226	1.000000
228	227	1.500000
229	219	1.000000
229	220	1.000000
229	221	1.000000
229	223	1.000000
229	224	0.500000
229	225	1.000000
229	226	1.000000
229	227	1.500000
229	228	1.000000
230	219	1.000000
230	220	1.000000
230	221	1.000000
230	223	1.000000
230	224	0.500000
230	225	1.000000
230	226	1.000000
230	227	1.500000
230	228	1.000000
230	229	1.000000
231	224	1.500000
231	227	0.500000
232	219	1.000000
232	220	1.000000
232	221	1.000000
232	223	1.000000
232	224	0.500000
232	225	1.000000
232	226	1.000000
232	227	1.500000
232	228	1.000000
232	229	1.000000
232	230	1.000000
233	219	1.000000
233	220	1.000000
233	221	1.000000
233	223	1.000000
233	224	0.500000
233	225	1.000000
233	226	1.000000
233	227	1.500000
233	228	1.000000
233	229	1.000000
233	230	1.000000
233	231	1.000000
233	232	1.000000
234	204	1.000000
234	205	1.000000
234	206	0.500000
234	207	0.500000
234	208	1.000000
234	210	1.500000
234	214	1.000000
234	215	1.000000
234	217	1.000000
234	218	1.000000
235	204	1.000000
235	205	1.000000
235	206	0.500000
235	207	0.500000
235	208	1.000000
235	210	1.500000
235	214	1.000000
235	215	1.000000
235	217	1.000000
235	218	1.000000
235	234	1.000000
236	204	1.000000
236	205	1.000000
236	206	0.500000
236	207	0.500000
236	208	1.000000
236	210	1.500000
236	214	1.000000
236	215	1.000000
236	217	1.000000
236	218	1.000000
236	234	1.000000
236	235	1.000000
237	204	1.000000
237	205	1.000000
237	206	0.500000
237	207	0.500000
237	208	1.000000
237	210	1.500000
237	214	1.000000
237	215	1.000000
237	216	1.000000
237	217	1.000000
237	218	1.000000
237	234	1.000000
237	235	1.000000
237	236	1.000000
238	204	0.500000
238	205	0.500000
238	206	1.000000
238	207	1.000000
238	208	0.500000
238	210	1.000000
238	214	0.500000
238	215	0.500000
238	217	0.500000
238	218	0.500000
238	234	0.500000
238	235	0.500000
238	236	0.500000
238	237	0.500000
239	204	1.000000
239	205	1.000000
239	206	0.500000
239	207	0.500000
239	208	1.000000
239	210	1.500000
239	214	1.000000
239	215	1.000000
239	217	1.000000
239	218	1.000000
239	234	1.000000
239	235	1.000000
239	236	1.000000
239	237	1.000000
239	238	0.500000
240	204	1.000000
240	205	1.000000
240	206	0.500000
240	207	0.500000
240	208	1.000000
240	210	1.500000
240	214	1.000000
240	215	1.000000
240	217	1.000000
240	218	1.000000
240	234	1.000000
240	235	1.000000
240	236	1.000000
240	237	1.000000
240	238	0.500000
240	239	1.000000
241	204	1.000000
241	205	1.000000
241	206	1.500000
241	207	1.500000
241	208	1.000000
241	210	1.500000
241	214	1.000000
241	215	1.000000
241	217	1.000000
241	218	1.000000
241	234	1.000000
241	235	1.000000
241	236	1.000000
241	237	1.000000
241	238	1.500000
241	239	1.000000
241	240	1.000000
242	204	1.000000
242	205	1.000000
242	206	0.500000
242	207	0.500000
242	208	1.000000
242	210	1.500000
242	214	1.000000
242	215	1.000000
242	217	1.000000
242	218	1.000000
242	234	1.000000
242	235	1.000000
242	236	1.000000
242	237	1.000000
242	238	0.500000
242	239	1.000000
242	240	1.000000
242	241	1.000000
243	204	1.000000
243	205	1.000000
243	206	0.500000
243	207	0.500000
243	208	1.000000
243	210	1.500000
243	214	1.000000
243	215	1.000000
243	217	1.000000
243	218	1.000000
243	234	1.000000
243	235	1.000000
243	236	1.000000
243	237	1.000000
243	238	0.500000
243	239	1.000000
243	240	1.000000
243	241	1.000000
243	242	1.000000
244	204	1.000000
244	205	1.000000
244	206	0.500000
244	207	0.500000
244	208	1.000000
244	210	1.500000
244	214	1.000000
244	215	1.000000
244	217	1.000000
244	218	1.000000
244	234	1.000000
244	235	1.000000
244	236	1.000000
244	237	1.000000
244	238	0.500000
244	239	1.000000
244	240	1.000000
244	241	1.000000
244	242	1.000000
244	243	1.000000
245	204	1.000000
245	205	1.000000
245	206	0.500000
245	207	0.500000
245	208	1.000000
245	210	1.500000
245	214	1.000000
245	215	1.000000
245	217	1.000000
245	218	1.000000
245	234	1.000000
245	235	1.000000
245	236	1.000000
245	237	1.000000
245	238	0.500000
245	239	1.000000
245	240	1.000000
245	241	1.000000
245	242	1.000000
245	243	1.000000
245	244	1.000000
247	246	1.000000
248	246	1.000000
248	247	1.000000
249	246	1.000000
249	247	1.000000
249	248	1.000000
250	246	1.500000
250	247	1.500000
250	248	1.500000
250	249	1.500000
251	246	1.000000
251	247	1.000000
251	248	1.000000
251	249	1.000000
251	250	1.500000
252	246	1.000000
252	247	1.000000
252	248	1.000000
252	249	1.000000
252	250	1.500000
252	251	1.000000
253	247	0.500000
254	42	1.000000
254	43	1.000000
254	44	1.000000
254	45	1.000000
254	47	1.000000
254	48	1.000000
254	49	1.500000
254	50	1.000000
254	51	1.000000
254	56	1.000000
254	57	1.000000
254	62	1.000000
254	72	1.000000
254	73	1.000000
254	76	0.500000
254	86	0.500000
254	99	0.500000
254	110	1.000000
254	111	0.500000
254	113	1.000000
254	116	0.500000
254	117	1.000000
254	121	1.000000
254	246	0.500000
254	247	0.500000
254	248	0.500000
254	249	0.500000
254	250	1.000000
254	251	0.500000
254	252	0.500000
255	40	0.500000
255	41	1.000000
255	61	0.500000
255	65	1.500000
255	67	0.500000
255	77	1.500000
255	78	1.000000
255	79	1.500000
255	80	0.500000
255	81	0.500000
255	83	0.500000
255	84	0.500000
255	87	0.500000
255	88	1.000000
255	90	0.500000
255	92	1.000000
255	93	1.000000
255	94	0.500000
255	95	0.500000
255	97	0.500000
255	98	1.000000
255	100	1.000000
255	101	1.000000
255	102	1.000000
255	103	1.000000
255	104	0.500000
255	105	1.000000
255	106	0.500000
255	107	1.000000
255	108	0.500000
255	109	0.500000
255	112	0.500000
255	118	0.500000
255	120	0.500000
255	124	0.500000
255	127	1.000000
255	128	1.500000
255	134	1.000000
255	149	1.000000
255	154	1.000000
255	160	0.500000
255	177	1.000000
256	246	0.500000
256	247	0.500000
256	248	0.500000
256	249	1.000000
256	250	1.000000
256	251	0.500000
256	252	1.500000
257	246	1.000000
257	247	1.000000
257	248	1.000000
257	249	1.000000
257	250	1.500000
257	251	1.000000
257	252	1.000000
257	254	0.500000
257	256	0.500000
258	246	1.000000
258	247	1.000000
258	248	1.000000
258	249	1.000000
258	250	1.500000
258	251	1.000000
258	252	1.000000
258	254	0.500000
258	256	0.500000
258	257	1.000000
259	246	1.000000
259	247	1.000000
259	248	1.000000
259	249	1.000000
259	250	1.500000
259	251	1.000000
259	252	1.000000
259	254	0.500000
259	256	0.500000
259	257	1.000000
259	258	1.000000
260	248	1.000000
260	250	0.500000
261	246	1.000000
261	247	1.000000
261	248	1.000000
261	249	1.000000
261	250	1.500000
261	251	1.000000
261	252	1.000000
261	253	1.500000
261	254	0.500000
261	256	0.500000
261	257	1.000000
261	258	1.000000
261	259	1.000000
262	246	1.000000
262	247	1.000000
262	248	1.000000
262	249	1.000000
262	250	1.500000
262	251	1.000000
262	252	1.000000
262	254	0.500000
262	256	0.500000
262	257	1.000000
262	258	1.000000
262	259	1.000000
262	261	1.000000
263	246	1.000000
263	247	1.000000
263	248	1.000000
263	249	1.000000
263	250	1.500000
263	251	1.000000
263	252	1.000000
263	254	0.500000
263	256	0.500000
263	257	1.000000
263	258	1.000000
263	259	1.000000
263	261	1.000000
263	262	1.000000
264	246	0.500000
264	247	0.500000
264	248	0.500000
264	249	0.500000
264	250	1.000000
264	251	0.500000
264	252	0.500000
264	253	1.000000
264	257	0.500000
264	258	0.500000
264	259	0.500000
264	261	1.500000
264	262	0.500000
264	263	0.500000
265	246	1.000000
265	247	1.000000
265	248	1.000000
265	249	1.000000
265	250	1.500000
265	251	1.000000
265	252	1.000000
265	254	0.500000
265	256	0.500000
265	257	1.000000
265	258	1.000000
265	259	1.000000
265	261	1.000000
265	262	1.000000
265	263	1.000000
265	264	0.500000
266	246	1.000000
266	247	1.000000
266	248	1.000000
266	249	1.000000
266	250	1.500000
266	251	1.000000
266	252	1.000000
266	254	0.500000
266	256	0.500000
266	257	1.000000
266	258	1.000000
266	259	1.000000
266	261	1.000000
266	262	1.000000
266	263	1.000000
266	264	0.500000
266	265	1.000000
267	246	1.000000
267	247	1.000000
267	248	1.000000
267	249	1.000000
267	250	1.500000
267	251	1.000000
267	252	1.000000
267	254	0.500000
267	256	0.500000
267	257	1.000000
267	258	1.000000
267	259	1.000000
267	261	1.000000
267	262	1.000000
267	263	1.000000
267	264	0.500000
267	265	1.000000
267	266	1.000000
268	246	1.000000
268	247	1.000000
268	248	1.000000
268	249	1.000000
268	250	1.500000
268	251	1.000000
268	252	1.000000
268	254	0.500000
268	256	0.500000
268	257	1.000000
268	258	1.000000
268	259	1.000000
268	260	1.500000
268	261	1.000000
268	262	1.000000
268	263	1.000000
268	264	0.500000
268	265	1.000000
268	266	1.000000
268	267	1.000000
269	246	0.500000
269	247	0.500000
269	248	1.500000
269	249	0.500000
269	250	1.000000
269	251	0.500000
269	252	0.500000
269	257	0.500000
269	258	0.500000
269	259	0.500000
269	260	0.500000
269	261	0.500000
269	262	0.500000
269	263	0.500000
269	265	0.500000
269	266	0.500000
269	267	0.500000
269	268	0.500000
270	246	1.000000
270	247	1.000000
270	248	1.000000
270	249	1.000000
270	250	1.500000
270	251	1.000000
270	252	1.000000
270	253	0.500000
270	254	0.500000
270	256	0.500000
270	257	1.000000
270	258	1.000000
270	259	1.000000
270	261	1.000000
270	262	1.000000
270	263	1.000000
270	264	0.500000
270	265	1.000000
270	266	1.000000
270	267	1.000000
270	268	1.000000
270	269	0.500000
271	246	1.000000
271	247	1.000000
271	248	1.000000
271	249	1.000000
271	250	1.500000
271	251	1.000000
271	252	1.000000
271	254	0.500000
271	256	0.500000
271	257	1.000000
271	258	1.000000
271	259	1.000000
271	261	1.000000
271	262	1.000000
271	263	1.000000
271	264	0.500000
271	265	1.000000
271	266	1.000000
271	267	1.000000
271	268	1.000000
271	269	0.500000
271	270	1.000000
272	23	0.500000
272	32	0.500000
272	248	1.000000
272	250	0.500000
272	269	0.500000
273	246	1.000000
273	247	1.000000
273	248	1.000000
273	249	1.000000
273	250	1.500000
273	251	1.000000
273	252	1.000000
273	253	0.500000
273	254	0.500000
273	256	0.500000
273	257	1.000000
273	258	1.000000
273	259	1.000000
273	261	1.000000
273	262	1.000000
273	263	1.000000
273	264	0.500000
273	265	1.000000
273	266	1.000000
273	267	1.000000
273	268	1.000000
273	269	0.500000
273	270	1.000000
273	271	1.000000
274	246	0.500000
274	247	0.500000
274	248	1.500000
274	249	0.500000
274	250	1.000000
274	251	0.500000
274	252	0.500000
274	257	0.500000
274	258	0.500000
274	259	0.500000
274	260	0.500000
274	261	0.500000
274	262	0.500000
274	263	0.500000
274	265	0.500000
274	266	0.500000
274	267	0.500000
274	268	0.500000
274	269	1.000000
274	270	0.500000
274	271	0.500000
274	272	0.500000
274	273	0.500000
275	23	1.000000
275	32	1.000000
275	58	1.000000
275	65	0.500000
275	77	1.000000
275	78	0.500000
275	79	1.000000
275	88	0.500000
275	93	0.500000
275	98	0.500000
275	100	0.500000
275	101	0.500000
275	103	0.500000
275	105	0.500000
275	107	0.500000
275	127	0.500000
275	128	1.000000
275	134	0.500000
275	149	0.500000
275	154	0.500000
275	177	0.500000
275	255	1.500000
275	272	1.500000
276	246	1.000000
276	247	1.000000
276	248	1.000000
276	249	1.000000
276	250	1.500000
276	251	1.000000
276	252	1.000000
276	254	0.500000
276	256	0.500000
276	257	1.000000
276	258	1.000000
276	259	1.000000
276	261	1.000000
276	262	1.000000
276	263	1.000000
276	264	0.500000
276	265	1.000000
276	266	1.000000
276	267	1.000000
276	268	1.000000
276	269	0.500000
276	270	1.000000
276	271	1.000000
276	273	1.000000
276	274	0.500000
277	246	0.500000
277	248	0.500000
277	251	0.500000
277	253	0.500000
277	256	1.000000
277	257	0.500000
277	259	0.500000
278	246	1.000000
278	247	1.000000
278	248	1.000000
278	249	1.000000
278	250	1.500000
278	251	1.000000
278	252	1.000000
278	253	1.000000
278	254	0.500000
278	256	0.500000
278	257	1.000000
278	258	1.000000
278	259	1.000000
278	261	1.000000
278	262	1.000000
278	263	1.000000
278	264	0.500000
278	265	1.000000
278	266	1.000000
278	267	1.000000
278	268	1.000000
278	269	0.500000
278	270	1.000000
278	271	1.000000
278	273	1.000000
278	274	0.500000
278	276	1.000000
278	277	1.500000
279	246	0.500000
279	248	0.500000
279	251	0.500000
279	253	0.500000
279	257	0.500000
279	259	0.500000
279	277	1.000000
279	278	1.500000
280	23	0.500000
280	32	0.500000
280	272	1.000000
280	275	1.500000
281	246	1.000000
281	247	1.000000
281	248	1.000000
281	249	1.000000
281	250	1.500000
281	251	1.000000
281	252	1.000000
281	253	0.500000
281	254	0.500000
281	256	0.500000
281	257	1.000000
281	258	1.000000
281	259	1.000000
281	261	1.000000
281	262	1.000000
281	263	1.000000
281	264	0.500000
281	265	1.000000
281	266	1.000000
281	267	1.000000
281	268	1.000000
281	269	0.500000
281	270	1.000000
281	271	1.000000
281	273	1.000000
281	274	0.500000
281	276	1.000000
281	278	1.000000
282	246	1.000000
282	247	1.000000
282	248	1.000000
282	249	1.000000
282	250	1.500000
282	251	1.000000
282	252	1.000000
282	254	0.500000
282	256	0.500000
282	257	1.000000
282	258	1.000000
282	259	1.000000
282	261	1.000000
282	262	1.000000
282	263	1.000000
282	264	0.500000
282	265	1.000000
282	266	1.000000
282	267	1.000000
282	268	1.000000
282	269	0.500000
282	270	1.000000
282	271	1.000000
282	273	1.000000
282	274	0.500000
282	276	1.000000
282	278	1.000000
282	281	1.000000
283	246	1.000000
283	247	1.000000
283	248	1.000000
283	249	1.000000
283	250	1.500000
283	251	1.000000
283	252	1.000000
283	254	0.500000
283	256	0.500000
283	257	1.000000
283	258	1.000000
283	259	1.000000
283	261	1.000000
283	262	1.000000
283	263	1.000000
283	264	0.500000
283	265	1.000000
283	266	1.000000
283	267	1.000000
283	268	1.000000
283	269	0.500000
283	270	1.000000
283	271	1.000000
283	273	1.000000
283	274	0.500000
283	276	1.000000
283	278	1.000000
283	281	1.000000
283	282	1.000000
284	246	1.000000
284	247	1.000000
284	248	1.000000
284	249	1.000000
284	250	1.500000
284	251	1.000000
284	252	1.000000
284	254	0.500000
284	256	0.500000
284	257	1.000000
284	258	1.000000
284	259	1.000000
284	261	1.000000
284	262	1.000000
284	263	1.000000
284	264	0.500000
284	265	1.000000
284	266	1.000000
284	267	1.000000
284	268	1.000000
284	269	0.500000
284	270	1.000000
284	271	1.000000
284	273	1.000000
284	274	0.500000
284	276	1.000000
284	278	1.000000
284	279	1.000000
284	281	1.000000
284	282	1.000000
284	283	1.000000
285	246	1.000000
285	247	1.000000
285	248	1.000000
285	249	1.000000
285	250	1.500000
285	251	1.000000
285	252	1.000000
285	253	0.500000
285	254	0.500000
285	256	0.500000
285	257	1.000000
285	258	1.000000
285	259	1.000000
285	261	1.000000
285	262	1.000000
285	263	1.000000
285	264	0.500000
285	265	1.000000
285	266	1.000000
285	267	1.000000
285	268	1.000000
285	269	0.500000
285	270	1.000000
285	271	1.000000
285	273	1.000000
285	274	0.500000
285	276	1.000000
285	278	1.000000
285	281	1.000000
285	282	1.000000
285	283	1.000000
285	284	1.000000
286	32	0.500000
286	42	0.500000
286	53	1.500000
286	58	1.000000
287	42	0.500000
287	53	1.500000
287	286	1.000000
288	46	0.500000
288	52	1.000000
288	54	1.000000
288	55	1.000000
288	57	0.500000
288	59	1.000000
288	60	1.000000
288	62	0.500000
288	64	1.000000
288	66	1.000000
288	68	1.000000
288	69	1.000000
288	70	1.000000
288	71	1.000000
288	73	0.500000
288	74	1.500000
288	75	1.000000
288	76	1.000000
289	42	1.000000
289	43	1.000000
289	44	1.000000
289	45	1.000000
289	47	1.000000
289	48	1.000000
289	49	1.500000
289	50	1.000000
289	51	1.000000
289	52	0.500000
289	54	0.500000
289	55	0.500000
289	56	1.000000
289	57	1.000000
289	59	0.500000
289	60	0.500000
289	62	1.000000
289	64	0.500000
289	66	0.500000
289	68	0.500000
289	69	0.500000
289	70	0.500000
289	71	0.500000
289	72	1.000000
289	73	1.000000
289	74	1.000000
289	75	0.500000
289	76	0.500000
289	86	0.500000
289	99	0.500000
289	110	1.000000
289	111	0.500000
289	113	1.000000
289	116	0.500000
289	117	1.000000
289	121	1.000000
289	254	1.000000
289	287	1.000000
289	288	0.500000
290	42	0.500000
290	43	0.500000
290	44	0.500000
290	45	0.500000
290	47	0.500000
290	48	0.500000
290	49	1.000000
290	50	0.500000
290	51	0.500000
290	53	1.500000
290	56	0.500000
290	57	0.500000
290	62	0.500000
290	72	0.500000
290	73	0.500000
290	110	0.500000
290	113	0.500000
290	117	0.500000
290	121	0.500000
290	254	0.500000
290	286	1.000000
290	287	1.000000
290	289	0.500000
291	42	0.500000
291	43	0.500000
291	44	0.500000
291	45	0.500000
291	47	0.500000
291	48	0.500000
291	49	1.000000
291	50	0.500000
291	51	0.500000
291	56	0.500000
291	57	0.500000
291	62	0.500000
291	72	0.500000
291	73	0.500000
291	110	0.500000
291	113	0.500000
291	117	0.500000
291	121	0.500000
291	254	0.500000
291	287	0.500000
291	289	1.500000
292	42	1.000000
292	43	1.000000
292	44	1.000000
292	45	1.000000
292	47	1.000000
292	48	1.000000
292	49	1.500000
292	50	1.000000
292	51	1.000000
292	56	1.000000
292	57	1.000000
292	62	1.000000
292	72	1.000000
292	73	1.000000
292	76	0.500000
292	86	0.500000
292	99	0.500000
292	110	1.000000
292	111	0.500000
292	113	1.000000
292	116	0.500000
292	117	1.000000
292	121	1.000000
292	254	1.000000
292	289	1.000000
292	290	0.500000
292	291	0.500000
293	46	0.500000
293	52	1.000000
293	54	1.000000
293	55	1.000000
293	57	0.500000
293	59	1.000000
293	60	1.000000
293	62	0.500000
293	64	1.000000
293	66	1.000000
293	68	1.000000
293	69	1.000000
293	70	1.000000
293	71	1.000000
293	73	0.500000
293	74	1.500000
293	75	1.000000
293	76	1.000000
293	288	1.000000
293	289	1.000000
293	291	0.500000
294	52	0.500000
294	54	0.500000
294	55	0.500000
294	59	0.500000
294	60	0.500000
294	64	0.500000
294	66	0.500000
294	68	0.500000
294	69	0.500000
294	70	0.500000
294	71	0.500000
294	74	1.000000
294	75	0.500000
294	76	0.500000
294	287	0.500000
294	288	0.500000
294	289	1.500000
294	291	1.000000
294	292	0.500000
294	293	0.500000
295	32	0.500000
295	42	0.500000
295	53	1.500000
295	58	1.000000
295	286	1.000000
295	287	1.000000
295	290	1.000000
296	42	1.000000
296	43	1.000000
296	44	1.000000
296	45	1.000000
296	47	1.000000
296	48	1.000000
296	49	1.500000
296	50	1.000000
296	51	1.000000
296	52	0.500000
296	54	0.500000
296	55	0.500000
296	56	1.000000
296	57	1.000000
296	59	0.500000
296	60	0.500000
296	62	1.000000
296	64	0.500000
296	66	0.500000
296	68	0.500000
296	69	0.500000
296	70	0.500000
296	71	0.500000
296	72	1.000000
296	73	1.000000
296	74	1.000000
296	75	0.500000
296	76	0.500000
296	86	0.500000
296	99	0.500000
296	110	1.000000
296	111	0.500000
296	113	1.000000
296	116	0.500000
296	117	1.000000
296	121	1.000000
296	254	1.000000
296	288	0.500000
296	289	1.000000
296	290	0.500000
296	291	0.500000
296	292	1.000000
296	293	0.500000
297	46	0.500000
297	52	1.000000
297	54	1.000000
297	55	1.000000
297	57	0.500000
297	59	1.000000
297	60	1.000000
297	62	0.500000
297	64	1.000000
297	66	1.000000
297	68	1.000000
297	69	1.000000
297	70	1.000000
297	71	1.000000
297	73	0.500000
297	74	1.500000
297	75	1.000000
297	76	1.000000
297	288	1.000000
297	289	0.500000
297	293	1.000000
297	294	0.500000
297	296	0.500000
298	46	0.500000
298	52	1.000000
298	54	1.000000
298	55	1.000000
298	57	0.500000
298	59	1.000000
298	60	1.000000
298	62	0.500000
298	64	1.000000
298	66	1.000000
298	68	1.000000
298	69	1.000000
298	70	1.000000
298	71	1.000000
298	73	0.500000
298	74	1.500000
298	75	1.000000
298	76	1.000000
298	288	1.000000
298	289	0.500000
298	293	1.000000
298	294	0.500000
298	296	0.500000
298	297	1.000000
299	42	0.500000
299	43	0.500000
299	44	0.500000
299	45	0.500000
299	46	0.500000
299	47	0.500000
299	48	0.500000
299	49	1.000000
299	50	0.500000
299	51	0.500000
299	52	1.000000
299	54	1.000000
299	55	1.000000
299	56	0.500000
299	57	0.500000
299	59	1.000000
299	60	1.000000
299	62	0.500000
299	64	1.000000
299	66	1.000000
299	68	1.000000
299	69	1.000000
299	70	1.000000
299	71	1.000000
299	72	0.500000
299	73	0.500000
299	74	1.500000
299	75	1.000000
299	76	1.000000
299	110	0.500000
299	113	0.500000
299	117	0.500000
299	121	0.500000
299	254	0.500000
299	288	1.000000
299	289	0.500000
299	292	0.500000
299	293	1.000000
299	294	0.500000
299	296	0.500000
299	297	1.000000
299	298	1.000000
300	46	0.500000
300	52	1.000000
300	54	1.000000
300	55	1.000000
300	57	0.500000
300	59	1.000000
300	60	1.000000
300	62	0.500000
300	64	1.000000
300	66	1.000000
300	68	1.000000
300	69	1.000000
300	70	1.000000
300	71	1.000000
300	73	0.500000
300	74	1.500000
300	75	1.000000
300	76	1.000000
300	288	1.000000
300	289	0.500000
300	293	1.000000
300	294	0.500000
300	296	0.500000
300	297	1.000000
300	298	1.000000
300	299	1.000000
